"0"	"1-4"	"5-9"	"10-14"	"15-19"	"20-24"	"25-29"	"30-34"	"35-39"	"40-44"	"45-49"	"50-54"	"55-59"	"60-64"	"65-69"	"70-74"	"75-79"	"80-84"	"85-89"	"90-94"	"95-99"	"100-104"	"105+"
"0"	0.0904476999999826	0	0	0	0	0	0	0	0	0	0	0	0	0	0	0	0	0	0	0	0	0	0
"1-4"	0.0111072500000007	0.0111859333905686	0	0	0	0	0	0	0	0	0	0	0	0	0	0	0	0	0	0	0	0	0
"5-9"	0.0156994500000049	0.0158106440802626	0.0158414130605138	0	0	0	0	0	0	0	0	0	0	0	0	0	0	0	0	0	0	0	0
"10-14"	0.0163118499999979	0.0164273662328838	0.0164593329679712	0.0164761204569919	0	0	0	0	0	0	0	0	0	0	0	0	0	0	0	0	0	0	0
"15-19"	0.14646255000001	0.147500499745784	0.147787645909282	0.147938539553184	0.148106218380788	0	0	0	0	0	0	0	0	0	0	0	0	0	0	0	0	0	0
"20-24"	0.188752450000001	0.190089680568308	0.190459670080494	0.190654042331978	0.190870045839095	0.191499023103525	0	0	0	0	0	0	0	0	0	0	0	0	0	0	0	0	0
"25-29"	0.190493949999995	0.191843864727954	0.192217323981342	0.1924135646031	0.192631636485731	0.193267269909645	0.194049717931534	0	0	0	0	0	0	0	0	0	0	0	0	0	0	0	0
"30-34"	0.246402199999999	0.248148683939848	0.248631811864814	0.248885729951146	0.249167887046339	0.249991012504662	0.251004295516596	0.252180743021366	0	0	0	0	0	0	0	0	0	0	0	0	0	0	0
"35-39"	0.332441800000004	0.33479749866974	0.335449225125944	0.335791671054129	0.33617221581352	0.337281214756244	0.338646352141329	0.340231300860235	0.342464571921323	0	0	0	0	0	0	0	0	0	0	0	0	0	0
"40-44"	0.392248499999995	0.39502837413686	0.395797408903567	0.396201544087539	0.396650632602178	0.397960083304483	0.399572006838876	0.401443485179695	0.404080613115232	0.407822609163808	0	0	0	0	0	0	0	0	0	0	0	0	0
"45-49"	0.477944000000003	0.481329347477	0.482266095214219	0.482758121556555	0.483304920009624	0.484895887345571	0.486854174921861	0.489127757863896	0.492330904270765	0.496875708574752	0.503657721012775	0	0	0	0	0	0	0	0	0	0	0	0
"50-54"	0.524327500000002	0.528039890324773	0.529067304953168	0.529606756950671	0.530206294733462	0.531947972557706	0.534091619865687	0.536580380874246	0.540086200676634	0.545060168666349	0.552483014592329	0.563184752839448	0	0	0	0	0	0	0	0	0	0	0
"55-59"	0.561752849999997	0.565727155682197	0.566827408356428	0.567404701001607	0.568046364440839	0.569904806775895	0.572191866517162	0.574847075879299	0.578586378011189	0.583891017268545	0.5918081807496	0.603224265443819	0.620096579110887	0	0	0	0	0	0	0	0	0	0
"60-64"	0.639211450000003	0.643727837860012	0.644978842258	0.645634453143671	0.646363303432569	0.64846341246339	0.651047291971311	0.654046998401253	0.658269537550291	0.664258565304407	0.673198814955023	0.686093378050762	0.70515813295733	0.735086417382651	0	0	0	0	0	0	0	0	0
"65-69"	0.581857899999999	0.585961762009237	0.587099339003952	0.587694545807357	0.588356411580452	0.590250133009767	0.592579359857835	0.595283305647973	0.599087144084694	0.604480895050196	0.612534563832779	0.62415443548563	0.641343639630943	0.668352382641071	0.711800861331911	0	0	0	0	0	0	0	0
"70-74"	0.483976099999999	0.487382263391252	0.48832728630008	0.488820777010706	0.489369704080324	0.490926794605223	0.492841240469237	0.495063548141923	0.498187420029361	0.502615557670405	0.509229488432447	0.518776194438398	0.532907820284355	0.555137436981589	0.590901790584567	0.651200954143139	0	0	0	0	0	0	0
"75-79"	0.3975621	0.400352681558485	0.4011277706132	0.401531543397412	0.401980845229484	0.403241667007232	0.404791099739468	0.406589565253922	0.409115182003206	0.412693812910401	0.418041022471371	0.425763503365554	0.437204252150736	0.455226698491607	0.484226354473187	0.533197236615881	0.621405481488385	0	0	0	0	0	0
"80-84"	0.3207068	0.322949057882458	0.323572875228259	0.323896673501661	0.324257188381353	0.325252458103817	0.326474642441249	0.32789310321535	0.329882081654991	0.332698545720811	0.336909490431118	0.342996058391066	0.352024700326385	0.366278544315639	0.389219105525574	0.428051515547274	0.498125712472095	0.641601673951221	0	0	0	0	0
"85-89"	0.1565142	0.157601901285548	0.157905275965929	0.158061872579529	0.158236379836285	0.158705882950548	0.159281738483746	0.159949952299667	0.160884653482772	0.162206863433052	0.164185680184163	0.167049769845336	0.171307010706669	0.178051746247813	0.188910646442082	0.207362709174977	0.240756607149767	0.309164307945045	0.481676179024312	0	0	0	0
"90-94"	0.0396744000000001	0.0399485778736828	0.0400252300995083	0.040064591663757	0.0401084914522507	0.0402237101452732	0.0403648610429928	0.0405286209997756	0.0407571380719818	0.04108006335462	0.0415638288180392	0.0422649605812758	0.0433092558950231	0.0449694635838276	0.0476432655807803	0.0522038136497589	0.0604805532167962	0.0774437117344494	0.120112714869171	0.25196977364436	0	0	0
"95-99"	0.00601505000000001	0.00605641245444758	0.00606800041308421	0.00607392347118253	0.00608053431728525	0.00609749598245629	0.00611825212793608	0.00614232886716109	0.0061758503559031	0.00622317496170556	0.00629413663724548	0.00639711332499176	0.00655078413417821	0.00679587921105909	0.00719073387650627	0.00786656114368506	0.00909627042992346	0.0116176742782994	0.0179451134517303	0.0374762553851305	0.11825640750301	0	0
"100-104"	0.000120749999999998	0.000121577797325469	0.000121810010359381	0.000121928363676587	0.000122060520962266	0.000122394767094758	0.000122803493906547	0.000123277557761255	0.000123936616951573	0.000124866472794966	0.000126261603293818	0.000128287823048517	0.00013131525759486	0.000136153881094682	0.000143950597180154	0.000157325072283614	0.000181700903346952	0.000231695338432153	0.000356968570883722	0.000743375210983083	0.0023395341745246	0.0134171053197743	0
"105+"	0	0	0	0	0	0	0	0	0	0	0	0	0	0	0	0	0	0	0	0	0	0	0
"Total Gender Gap at age group"	5.82003079999999	5.77003101108863	5.77003107031011	5.76003110048585	5.75003113418254	5.62003121929253	5.45003132336073	5.28003144406352	5.0600316118453	4.76003184855185	4.41003220372018	3.98003271958933	3.5100334904541	3.01003472273635	2.42003670841179	1.880040115347	1.43004632566031	1.04005906324745	0.620090975916097	0.290189404240473	0.120595941677535	0.0134171053197743	0
